3703698 3131771 3542664 2447825 3298188 2526700 3134224 2525708 4297454 3223461 
2748445 1678487 2275706 1482429 2105904 1608689 2410671 1381350 2923788 2720653 
2039205 2001345 1867685 1307013 2322018 1335224 1517740 1343000 2185276 1500362 
2910200 3147584 2886237 2104992 3077014 2006519 2032528 1748422 2958219 2286599 
1988774 1929087 2118962 1391214 1740398 1210578 1576697 1356147 2250001 1897575 
2943536 2831444 2757116 1783002 3022356 1967418 2533972 1767440 2761750 2862024 
3289878 2775862 2577844 2049024 2964259 1833298 2150250 1292203 3003993 2169579 
3565505 3309179 3231862 2614633 3794286 2449350 2870118 2256654 4184022 3065114 
1833861 2727219 2244710 1869822 2779428 1625223 1213183 1673650 2503792 1389993 
2383005 2041867 2202191 1618718 2552968 1733418 1951172 1691456 2936996 1912834 
