4900 5200 5500 5800 6100 6400 6700 7000 7300 7600 7900 8200 8500 8800 9100 9400 9700 10000 10300 10600 10900 11200 11500 11800 12100 
5200 5525 5850 6175 6500 6825 7150 7475 7800 8125 8450 8775 9100 9425 9750 10075 10400 10725 11050 11375 11700 12025 12350 12675 13000 
5500 5850 6200 6550 6900 7250 7600 7950 8300 8650 9000 9350 9700 10050 10400 10750 11100 11450 11800 12150 12500 12850 13200 13550 13900 
5800 6175 6550 6925 7300 7675 8050 8425 8800 9175 9550 9925 10300 10675 11050 11425 11800 12175 12550 12925 13300 13675 14050 14425 14800 
6100 6500 6900 7300 7700 8100 8500 8900 9300 9700 10100 10500 10900 11300 11700 12100 12500 12900 13300 13700 14100 14500 14900 15300 15700 
6400 6825 7250 7675 8100 8525 8950 9375 9800 10225 10650 11075 11500 11925 12350 12775 13200 13625 14050 14475 14900 15325 15750 16175 16600 
6700 7150 7600 8050 8500 8950 9400 9850 10300 10750 11200 11650 12100 12550 13000 13450 13900 14350 14800 15250 15700 16150 16600 17050 17500 
7000 7475 7950 8425 8900 9375 9850 10325 10800 11275 11750 12225 12700 13175 13650 14125 14600 15075 15550 16025 16500 16975 17450 17925 18400 
7300 7800 8300 8800 9300 9800 10300 10800 11300 11800 12300 12800 13300 13800 14300 14800 15300 15800 16300 16800 17300 17800 18300 18800 19300 
7600 8125 8650 9175 9700 10225 10750 11275 11800 12325 12850 13375 13900 14425 14950 15475 16000 16525 17050 17575 18100 18625 19150 19675 20200 
7900 8450 9000 9550 10100 10650 11200 11750 12300 12850 13400 13950 14500 15050 15600 16150 16700 17250 17800 18350 18900 19450 20000 20550 21100 
8200 8775 9350 9925 10500 11075 11650 12225 12800 13375 13950 14525 15100 15675 16250 16825 17400 17975 18550 19125 19700 20275 20850 21425 22000 
8500 9100 9700 10300 10900 11500 12100 12700 13300 13900 14500 15100 15700 16300 16900 17500 18100 18700 19300 19900 20500 21100 21700 22300 22900 
8800 9425 10050 10675 11300 11925 12550 13175 13800 14425 15050 15675 16300 16925 17550 18175 18800 19425 20050 20675 21300 21925 22550 23175 23800 
9100 9750 10400 11050 11700 12350 13000 13650 14300 14950 15600 16250 16900 17550 18200 18850 19500 20150 20800 21450 22100 22750 23400 24050 24700 
9400 10075 10750 11425 12100 12775 13450 14125 14800 15475 16150 16825 17500 18175 18850 19525 20200 20875 21550 22225 22900 23575 24250 24925 25600 
9700 10400 11100 11800 12500 13200 13900 14600 15300 16000 16700 17400 18100 18800 19500 20200 20900 21600 22300 23000 23700 24400 25100 25800 26500 
10000 10725 11450 12175 12900 13625 14350 15075 15800 16525 17250 17975 18700 19425 20150 20875 21600 22325 23050 23775 24500 25225 25950 26675 27400 
10300 11050 11800 12550 13300 14050 14800 15550 16300 17050 17800 18550 19300 20050 20800 21550 22300 23050 23800 24550 25300 26050 26800 27550 28300 
10600 11375 12150 12925 13700 14475 15250 16025 16800 17575 18350 19125 19900 20675 21450 22225 23000 23775 24550 25325 26100 26875 27650 28425 29200 
10900 11700 12500 13300 14100 14900 15700 16500 17300 18100 18900 19700 20500 21300 22100 22900 23700 24500 25300 26100 26900 27700 28500 29300 30100 
11200 12025 12850 13675 14500 15325 16150 16975 17800 18625 19450 20275 21100 21925 22750 23575 24400 25225 26050 26875 27700 28525 29350 30175 31000 
11500 12350 13200 14050 14900 15750 16600 17450 18300 19150 20000 20850 21700 22550 23400 24250 25100 25950 26800 27650 28500 29350 30200 31050 31900 
11800 12675 13550 14425 15300 16175 17050 17925 18800 19675 20550 21425 22300 23175 24050 24925 25800 26675 27550 28425 29300 30175 31050 31925 32800 
12100 13000 13900 14800 15700 16600 17500 18400 19300 20200 21100 22000 22900 23800 24700 25600 26500 27400 28300 29200 30100 31000 31900 32800 33700 
